00000000000000000000000000000000
00000000000000000000000000000000
00000000000000000000000000000000
00000000000000000000000000000000
00000001000000000000000000000000
00000000000000000000001110000000
00000001000001110000000000010000
00000001001100000000000000000000
00000001010000000000000000000000
00000001000000000000000000000000
00000001000000000000000000000000
00000001000000000000000000000000
00000001000000000000000000000000
00000001000000000000000000000000
00000000100000000000000000000000
00000000100000000000000000000000
00000000010000000000000000000000
00000000000000000000000000000000
00000000000100000000000000000000
00000000000010000000000000000000
00000000000001100000000000000000
00000000000000000111100000000000
00000000000000000001000000000000
00000000000000000010000000000000
00000000000000000100000000000000
00000000000000001000000000000000
00000000000000010000000000000000
00000000000000100000000000000000
00000000000001000000000000000000
00000000000100000000000000000000
00000000111000000000000000000000
00000000000000000000000000000000
